	A	R	N	D	C	Q	E	G	H	I	L	K	M	F	P	S	T	W	Y	V	*
A	5																				
R	0	6																			
N	0	0	5																		
D	0	0	3	5																	
C	0	0	0	0	6																
Q	0	0	2	1	0	5															
E	0	0	1	2	0	3	5														
G	3	0	0	0	0	0	0	6													
H	0	0	1	0	0	2	0	0	6												
I	0	0	0	0	0	0	0	0	0	5											
L	0	0	0	0	0	0	0	0	0	3	5										
K	0	3	0	0	0	1	0	0	0	0	0	5									
M	0	0	0	0	0	0	0	0	0	3	3	0	6								
F	0	0	0	0	0	0	0	0	2	1	2	0	2	6							
P	1	0	0	0	0	0	0	0	0	0	1	0	0	0	5						
S	1	0	1	0	2	1	0	0	0	0	0	0	0	0	0	5					
T	1	0	1	0	0	0	0	0	0	1	0	0	0	0	1	3	5				
W	0	0	0	0	0	0	0	0	1	1	1	0	1	3	0	0	0	6			
Y	0	0	0	0	0	0	0	0	2	1	1	0	1	3	0	0	0	2	6		
V	0	0	0	0	0	0	0	0	0	2	1	0	1	1	1	0	0	0	0	5	
*	0	0	0	0	0	0	0	0	0	0	0	0	0	0	0	0	0	0	0	0	0
